1.000000	4.683486E-5
0.900000	3.762687E-5
0.800000	2.858909E-5
0.700000	1.983927E-5
0.600000	1.160609E-5
0.500000	4.573693E-6
0.400000	6.412835E-7
0.300000	3.471322E-8
0.200000	2.363262E-9
0.100000	1.399467E-10
0.000000	-4.412444E-11
-0.100000	-8.164078E-11
-0.200000	-1.042513E-10
-0.300000	-1.093342E-10
-0.400000	-1.281915E-10
-0.500000	-1.404754E-10
-0.600000	-1.513636E-10
-0.700000	-1.621775E-10
-0.800000	-1.693662E-10
-0.900000	-1.701548E-10
-1.000000	-1.897595E-10
-1.100000	-1.921584E-10
-1.200000	-1.999127E-10
-1.300000	-2.049625E-10
-1.400000	-2.125270E-10
-1.500000	-2.189146E-10
-1.600000	-2.257150E-10
-1.700000	-2.299266E-10
-1.800000	-2.348898E-10
-1.900000	-2.401997E-10
-2.000000	-2.451132E-10
-2.100000	-2.525702E-10
-2.200000	-2.449934E-10
-2.300000	-2.589537E-10
-2.400000	-2.634378E-10
-2.500000	-2.660019E-10
-2.600000	-2.707916E-10
-2.700000	-2.758580E-10
-2.800000	-2.791117E-10
-2.900000	-2.848882E-10
-3.000000	-2.875018E-10
-3.100000	-2.912303E-10
-3.200000	-2.961480E-10
-3.300000	-3.005866E-10
-3.400000	-3.039023E-10
-3.500000	-3.084277E-10
-3.600000	-3.124908E-10
-3.700000	-3.168964E-10
-3.800000	-3.198899E-10
-3.900000	-3.238373E-10
-4.000000	-3.279250E-10
-4.100000	-3.314223E-10
-4.200000	-3.346058E-10
-4.300000	-3.394738E-10
-4.400000	-3.419265E-10
-4.500000	-3.456923E-10
-4.600000	-3.533846E-10
-4.700000	-3.538801E-10
-4.800000	-3.570470E-10
-4.900000	-3.621092E-10
-5.000000	-3.649128E-10
-5.100000	-3.690707E-10
-5.200000	-3.720354E-10
-5.300000	-3.770316E-10
-5.400000	-3.810657E-10
-5.500000	-3.841087E-10
-5.600000	-3.884318E-10
-5.700000	-3.913882E-10
-5.800000	-3.958888E-10
-5.900000	-3.987089E-10
-6.000000	-4.033747E-10
-6.100000	-4.069133E-10
-6.200000	-4.108235E-10
-6.300000	-4.146387E-10
-6.400000	-4.189369E-10
-6.500000	-4.225912E-10
-6.600000	-4.271249E-10
-6.700000	-4.304611E-10
-6.800000	-4.353911E-10
-6.900000	-4.396357E-10
-7.000000	-4.437483E-10
-7.100000	-4.476585E-10
-7.200000	-4.522706E-10
-7.300000	-4.558958E-10
-7.400000	-4.621266E-10
-7.500000	-4.656527E-10
-7.600000	-4.707191E-10
-7.700000	-4.750959E-10
-7.800000	-4.785932E-10
-7.900000	-4.845059E-10
-8.000000	-4.872684E-10
-8.100000	-4.927391E-10
-8.200000	-4.970210E-10
-8.300000	-5.023433E-10
-8.400000	-5.065549E-10
-8.500000	-5.120464E-10
-8.600000	-5.165348E-10
-8.700000	-5.208579E-10
-8.800000	-5.265600E-10
-8.900000	-5.313165E-10
-9.000000	-5.344547E-10
-9.100000	-5.395333E-10
-9.200000	-5.438978E-10
-9.300000	-5.471721E-10
-9.400000	-5.530972E-10
-9.500000	-5.574410E-10
-9.600000	-5.622306E-10
-9.700000	-5.710833E-10
-9.800000	-5.706168E-10
-9.900000	-5.760173E-10
-10.000000	-5.802703E-10
-10.100000	-5.831648E-10
-10.200000	-5.891436E-10
-10.300000	-5.925128E-10
-10.400000	-5.983926E-10
-10.500000	-6.005025E-10
-10.600000	-6.055400E-10
-10.700000	-6.097267E-10
-10.800000	-6.141116E-10
-10.900000	-6.179187E-10
-11.000000	-6.232161E-10
-11.100000	-6.268168E-10
-11.200000	-6.317963E-10
-11.300000	-6.340712E-10
-11.400000	-6.407894E-10
-11.500000	-6.434483E-10
-11.600000	-6.472264E-10
-11.700000	-6.529205E-10
-11.800000	-6.574294E-10
-11.900000	-6.612939E-10
-12.000000	-6.657327E-10
-12.100000	-6.689285E-10
-12.200000	-6.743047E-10
-12.300000	-6.787556E-10
-12.400000	-6.820713E-10
-12.500000	-6.871914E-10
-12.600000	-6.912872E-10
-12.700000	-6.963534E-10
-12.800000	-6.997434E-10
-12.900000	-7.037609E-10
-13.000000	-7.091039E-10
-13.100000	-7.128325E-10
-13.200000	-7.171391E-10
-13.300000	-7.212969E-10
-13.400000	-7.253847E-10
-13.500000	-7.294724E-10
-13.600000	-7.337005E-10
-13.700000	-7.371359E-10
-13.800000	-7.419009E-10
-13.900000	-7.459968E-10
-14.000000	-7.495271E-10
-14.100000	-7.544118E-10
-14.200000	-7.575087E-10
-14.300000	-7.617615E-10
-14.400000	-7.665346E-10
-14.500000	-7.708907E-10
-14.600000	-7.756060E-10
-14.700000	-7.793180E-10
-14.800000	-7.837483E-10
-14.900000	-7.882904E-10
-15.000000	-7.918828E-10
-15.100000	-7.959124E-10
-15.200000	-8.011689E-10
-15.300000	-8.041623E-10
-15.400000	-8.090922E-10
-15.500000	-8.138489E-10
-15.600000	-8.178580E-10
-15.700000	-8.227677E-10
-15.800000	-8.255342E-10
-15.900000	-8.299478E-10
-16.000000	-8.343700E-10
-16.100000	-8.380078E-10
-16.200000	-8.441517E-10
-16.300000	-8.456382E-10
-16.400000	-8.537392E-10
-16.500000	-8.551638E-10
-16.600000	-8.607670E-10
-16.700000	-8.633974E-10
-16.800000	-8.686162E-10
-16.900000	-8.726709E-10
-17.000000	-8.778362E-10
-17.100000	-8.800206E-10
-17.200000	-8.848968E-10
-17.300000	-8.903471E-10
-17.400000	-8.944062E-10
-17.500000	-8.990305E-10
-17.600000	-9.026145E-10
-17.700000	-9.063928E-10
-17.800000	-9.109138E-10
-17.900000	-9.145557E-10
-18.000000	-9.199853E-10
-18.100000	-9.239819E-10
-18.200000	-9.283300E-10
-18.300000	-9.316250E-10
-18.400000	-9.380166E-10
-18.500000	-9.409977E-10
-18.600000	-9.443959E-10
-18.700000	-9.498998E-10
-18.800000	-9.537398E-10
-18.900000	-9.589547E-10
-19.000000	-9.635874E-10
-19.100000	-9.672293E-10
-19.200000	-9.722256E-10
-19.300000	-9.763256E-10
-19.400000	-9.808180E-10
-19.500000	-9.844475E-10
-19.600000	-9.894313E-10
-19.700000	-9.947658E-10
-19.800000	-9.972679E-10
-19.900000	-1.002491E-9
-20.000000	-1.008870E-9
-20.100000	-1.010369E-9
-20.200000	-1.015113E-9
-20.300000	-1.020267E-9
-20.400000	-1.024656E-9
-20.500000	-1.029466E-9
-20.600000	-1.034817E-9
-20.700000	-1.038434E-9
-20.800000	-1.044000E-9
-20.900000	-1.048261E-9
-21.000000	-1.052489E-9
-21.100000	-1.047646E-9
-21.200000	-1.032596E-9
-21.300000	-1.069811E-9
-21.400000	-1.073606E-9
-21.500000	-1.094709E-9
-21.600000	-1.067086E-9
-21.700000	-1.073155E-9
-21.800000	-1.049393E-9
-21.900000	-1.115325E-9
-22.000000	-1.098078E-9
-22.100000	-1.096939E-9
-22.200000	-1.126651E-9
-22.300000	-1.119434E-9
-22.400000	-1.136850E-9
-22.500000	-1.138807E-9
-22.600000	-1.125259E-9
-22.700000	-1.124710E-9
-22.800000	-1.125140E-9
-22.900000	-1.172463E-9
-23.000000	-1.159968E-9
-23.100000	-1.133959E-9
-23.200000	-1.130904E-9
-23.300000	-1.141862E-9
-23.400000	-1.143956E-9
-23.500000	-1.152300E-9
-23.600000	-1.139009E-9
-23.700000	-1.166195E-9
-23.800000	-1.163804E-9
-23.900000	-1.163696E-9
-24.000000	-1.166219E-9
-24.100000	-1.184403E-9
-24.200000	-1.194251E-9
-24.300000	-1.226040E-9
-24.400000	-1.243436E-9
-24.500000	-1.231929E-9
-24.600000	-1.218220E-9
-24.700000	-1.241545E-9
-24.800000	-1.240624E-9
-24.900000	-1.229484E-9
-25.000000	-1.236660E-9
-25.100000	-1.253255E-9
-25.200000	-1.281456E-9
-25.300000	-1.285874E-9
-25.400000	-1.283648E-9
-25.500000	-1.315120E-9
-25.600000	-1.303546E-9
-25.700000	-1.305516E-9
-25.800000	-1.315054E-9
-25.900000	-1.316214E-9
-26.000000	-1.309306E-9
-26.100000	-1.325372E-9
-26.200000	-1.295267E-9
-26.300000	-1.313513E-9
-26.400000	-1.298563E-9
-26.500000	-1.323052E-9
-26.600000	-1.328791E-9
-26.700000	-1.336178E-9
-26.800000	-1.355266E-9
-26.900000	-1.391048E-9
-27.000000	-1.452901E-9
-27.100000	-1.842829E-9
-27.200000	-5.570971E-9
-27.300000	-1.447745E-8
-27.400000	-3.200055E-8
-27.500000	-5.242687E-8
-27.600000	-7.841030E-8
-27.700000	-1.171470E-7
-27.800000	-1.569802E-7
-27.900000	-2.136560E-7
-28.000000	-2.690441E-7
-28.100000	-3.337284E-7
-28.200000	-4.207348E-7
-28.300000	-5.047390E-7
-28.400000	-6.212424E-7
-28.500000	-7.301859E-7
-28.600000	-8.752450E-7
-28.700000	-1.011167E-6
-28.800000	-1.118122E-6
-28.900000	-1.308940E-6
-29.000000	-1.484319E-6
-29.100000	-1.716657E-6
-29.200000	-1.931105E-6
-29.300000	-2.170074E-6
-29.400000	-2.463673E-6
-29.500000	-2.752469E-6
-29.600000	-3.111795E-6
-29.700000	-3.441100E-6
-29.800000	-3.799856E-6
-29.900000	-4.265260E-6
-30.000000	-4.694173E-6
-30.100000	-5.244022E-6
-30.200000	-5.765284E-6
-30.300000	-6.297790E-6
-30.400000	-7.008061E-6
-30.500000	-7.657623E-6
-30.600000	-8.464955E-6
-30.700000	-9.242869E-6
-30.800000	-1.005237E-5
-30.900000	-1.092452E-5
-31.000000	-1.185177E-5
-31.100000	-1.303519E-5
-31.200000	-1.411076E-5
-31.300000	-1.524319E-5
-31.400000	-1.673012E-5
-31.500000	-1.806471E-5
-31.600000	-1.978307E-5
-31.700000	-2.136012E-5
-31.800000	-2.335671E-5
-31.900000	-2.516116E-5
-32.000000	-2.707079E-5
-32.100000	-2.957587E-5
-32.200000	-3.181784E-5
-32.300000	-3.467289E-5
-32.400000	-3.724726E-5
-32.500000	-4.000882E-5
-32.600000	-4.350469E-5
-32.700000	-4.659737E-5
-32.800000	-5.058699E-5
-32.900000	-5.415091E-5
-33.000000	-5.796614E-5
-33.100000	-6.263868E-5
-33.200000	-6.684392E-5
-33.300000	-7.207905E-5
-33.400000	-7.682504E-5
-33.500000	-8.159853E-5
-33.600000	-8.780094E-5
-33.700000	-9.325117E-5
-33.800000	-9.979818E-5
-33.900000	-0.000104
-34.000000	-0.000110
-34.100000	-0.000117
