1.000000	4.098224E-5
0.900000	3.172198E-5
0.800000	2.265728E-5
0.700000	1.396630E-5
0.600000	6.132239E-6
0.500000	9.925152E-7
0.400000	4.742144E-8
0.300000	2.579314E-9
0.200000	1.208068E-10
0.100000	-3.685306E-11
0.000000	-4.689052E-11
-0.100000	-5.580487E-11
-0.200000	-5.309217E-11
-0.300000	-4.769565E-11
-0.400000	-5.600721E-11
-0.500000	-5.680822E-11
-0.600000	-6.063988E-11
-0.700000	-5.994209E-11
-0.800000	-6.348059E-11
-0.900000	-5.480981E-11
-1.000000	-5.459924E-11
-1.100000	-5.399228E-11
-1.200000	-6.053665E-11
-1.300000	-5.813773E-11
-1.400000	-5.966958E-11
-1.500000	-5.990493E-11
-1.600000	-6.110232E-11
-1.700000	-5.991319E-11
-1.800000	-5.930623E-11
-1.900000	-5.943423E-11
-2.000000	-5.991731E-11
-2.100000	-6.030956E-11
-2.200000	-5.269992E-11
-2.300000	-6.101147E-11
-2.400000	-6.093715E-11
-2.500000	-5.993382E-11
-2.600000	-5.964892E-11
-2.700000	-6.237402E-11
-2.800000	-6.120142E-11
-2.900000	-6.215520E-11
-3.000000	-6.157302E-11
-3.100000	-6.161018E-11
-3.200000	-6.230384E-11
-3.300000	-6.307595E-11
-3.400000	-6.931478E-11
-3.500000	-6.464907E-11
-3.600000	-6.438070E-11
-3.700000	-6.333196E-11
-3.800000	-5.929798E-11
-3.900000	-6.180836E-11
-4.000000	-6.273737E-11
-4.100000	-6.549550E-11
-4.200000	-6.410405E-11
-4.300000	-6.566892E-11
-4.400000	-7.618945E-11
-4.500000	-5.562734E-11
-4.600000	-6.134591E-11
-4.700000	-6.176708E-11
-4.800000	-6.343929E-11
-4.900000	-6.464494E-11
-5.000000	-6.391411E-11
-5.100000	-6.308420E-11
-5.200000	-6.750216E-11
-5.300000	-6.330717E-11
-5.400000	-5.763401E-11
-5.500000	-6.510325E-11
-5.600000	-6.793158E-11
-5.700000	-6.346819E-11
-5.800000	-6.008245E-11
-5.900000	-6.223777E-11
-6.000000	-6.432702E-11
-6.100000	-6.641212E-11
-6.200000	-6.523951E-11
-6.300000	-6.568544E-11
-6.400000	-6.542118E-11
-6.500000	-6.476880E-11
-6.600000	-6.523952E-11
-6.700000	-6.612722E-11
-6.800000	-6.562350E-11
-6.900000	-6.617264E-11
-7.000000	-6.604052E-11
-7.100000	-6.624697E-11
-7.200000	-6.674657E-11
-7.300000	-6.629652E-11
-7.400000	-6.613549E-11
-7.500000	-6.611484E-11
-7.600000	-6.650296E-11
-7.700000	-6.593318E-11
-7.800000	-6.668463E-11
-7.900000	-6.686218E-11
-8.000000	-6.673419E-11
-8.100000	-6.700670E-11
-8.200000	-6.771687E-11
-8.300000	-6.739482E-11
-8.400000	-6.722965E-11
-8.500000	-6.737829E-11
-8.600000	-6.765907E-11
-8.700000	-6.756409E-11
-8.800000	-6.790267E-11
-8.900000	-6.845595E-11
-9.000000	-6.772925E-11
-9.100000	-6.847246E-11
-9.200000	-6.841053E-11
-9.300000	-6.842292E-11
-9.400000	-6.831144E-11
-9.500000	-6.840227E-11
-9.600000	-6.841466E-11
-9.700000	-6.940561E-11
-9.800000	-7.044196E-11
-9.900000	-7.518199E-11
-10.000000	-7.388137E-11
-10.100000	-6.853852E-11
-10.200000	-5.996272E-11
-10.300000	-6.912895E-11
-10.400000	-6.972765E-11
-10.500000	-7.758090E-11
-10.600000	-6.888123E-11
-10.700000	-6.472752E-11
-10.800000	-6.891838E-11
-10.900000	-6.791093E-11
-11.000000	-6.956663E-11
-11.100000	-7.064840E-11
-11.200000	-7.014054E-11
-11.300000	-7.098697E-11
-11.400000	-7.173845E-11
-11.500000	-7.176323E-11
-11.600000	-7.198204E-11
-11.700000	-7.198617E-11
-11.800000	-7.238668E-11
-11.900000	-7.336937E-11
-12.000000	-7.331569E-11
-12.100000	-7.272112E-11
-12.200000	-7.278719E-11
-12.300000	-7.410432E-11
-12.400000	-7.341067E-11
-12.500000	-7.671382E-11
-12.600000	-8.032663E-11
-12.700000	-7.498379E-11
-12.800000	-7.501681E-11
-12.900000	-7.456676E-11
-13.000000	-7.530171E-11
-13.100000	-7.488056E-11
-13.200000	-7.460393E-11
-13.300000	-7.552055E-11
-13.400000	-7.567745E-11
-13.500000	-7.586326E-11
-13.600000	-7.670144E-11
-13.700000	-7.712669E-11
-13.800000	-7.683355E-11
-13.900000	-7.665601E-11
-14.000000	-7.689548E-11
-14.100000	-7.629677E-11
-14.200000	-7.715147E-11
-14.300000	-7.702761E-11
-14.400000	-7.743638E-11
-14.500000	-7.836125E-11
-14.600000	-7.841906E-11
-14.700000	-7.818371E-11
-14.800000	-7.830345E-11
-14.900000	-7.860899E-11
-15.000000	-7.858008E-11
-15.100000	-7.873698E-11
-15.200000	-7.842318E-11
-15.300000	-7.977746E-11
-15.400000	-8.009539E-11
-15.500000	-8.030184E-11
-15.600000	-8.024404E-11
-15.700000	-8.015322E-11
-15.800000	-8.022342E-11
-15.900000	-8.027295E-11
-16.000000	-8.009953E-11
-16.100000	-8.095009E-11
-16.200000	-8.121434E-11
-16.300000	-8.172221E-11
-16.400000	-8.233327E-11
-16.500000	-8.169330E-11
-16.600000	-8.278746E-11
-16.700000	-8.273378E-11
-16.800000	-8.243650E-11
-16.900000	-8.086339E-11
-17.000000	-8.242826E-11
-17.100000	-8.218877E-11
-17.200000	-8.314668E-11
-17.300000	-8.318384E-11
-17.400000	-8.364628E-11
-17.500000	-8.217225E-11
-17.600000	-8.423259E-11
-17.700000	-7.955862E-11
-17.800000	-8.521529E-11
-17.900000	-8.950937E-11
-18.000000	-8.108221E-11
-18.100000	-7.777080E-11
-18.200000	-8.697006E-11
-18.300000	-8.295676E-11
-18.400000	-8.414176E-11
-18.500000	-8.121847E-11
-18.600000	-8.298564E-11
-18.700000	-8.635485E-11
-18.800000	-8.582222E-11
-18.900000	-8.574379E-11
-19.000000	-8.578094E-11
-19.100000	-8.631771E-11
-19.200000	-8.611126E-11
-19.300000	-8.675125E-11
-19.400000	-8.586765E-11
-19.500000	-8.734994E-11
-19.600000	-8.641679E-11
-19.700000	-8.732516E-11
-19.800000	-8.764308E-11
-19.900000	-8.799818E-11
-20.000000	-8.637551E-11
-20.100000	-9.195782E-11
-20.200000	-8.803121E-11
-20.300000	-8.986031E-11
-20.400000	-8.879505E-11
-20.500000	-8.934007E-11
-20.600000	-8.950938E-11
-20.700000	-9.020715E-11
-20.800000	-8.897673E-11
-20.900000	-8.961257E-11
-21.000000	-9.005438E-11
-21.100000	-7.778319E-11
-21.200000	-8.180064E-11
-21.300000	-8.233328E-11
-21.400000	-9.390255E-11
-21.500000	-9.822144E-11
-21.600000	-9.220970E-11
-21.700000	-8.330359E-11
-21.800000	-8.853082E-11
-21.900000	-1.105835E-10
-22.000000	-8.853908E-11
-22.100000	-8.830785E-11
-22.200000	-8.474871E-11
-22.300000	-9.761857E-11
-22.400000	-1.109592E-10
-22.500000	-9.007089E-11
-22.600000	-8.136297E-11
-22.700000	-1.014420E-10
-22.800000	-1.050796E-10
-22.900000	-1.023875E-10
-23.000000	-8.901388E-11
-23.100000	-9.216014E-11
-23.200000	-1.024040E-10
-23.300000	-1.039359E-10
-23.400000	-9.121460E-11
-23.500000	-8.804358E-11
-23.600000	-9.880359E-11
-23.700000	-1.029862E-10
-23.800000	-9.641293E-11
-23.900000	-9.341945E-11
-24.000000	-1.434374E-10
-24.100000	-2.326141E-10
-24.200000	-3.268900E-10
-24.300000	-4.650153E-10
-24.400000	-6.112208E-10
-24.500000	-8.524085E-10
-24.600000	-1.090417E-9
-24.700000	-1.380727E-9
-24.800000	-1.773153E-9
-24.900000	-1.985896E-9
-25.000000	-2.477310E-9
-25.100000	-2.888973E-9
-25.200000	-3.545552E-9
-25.300000	-3.999276E-9
-25.400000	-4.586931E-9
-25.500000	-5.138441E-9
-25.600000	-5.984509E-9
-25.700000	-6.757372E-9
-25.800000	-7.349549E-9
-25.900000	-7.950068E-9
-26.000000	-9.163222E-9
-26.100000	-1.008566E-8
-26.200000	-1.146451E-8
-26.300000	-1.234241E-8
-26.400000	-1.344224E-8
-26.500000	-1.430368E-8
-26.600000	-1.559143E-8
-26.700000	-1.756656E-8
-26.800000	-1.873758E-8
-26.900000	-2.052408E-8
-27.000000	-2.207969E-8
-27.100000	-2.335787E-8
-27.200000	-2.573737E-8
-27.300000	-2.759734E-8
-27.400000	-2.983801E-8
-27.500000	-3.152404E-8
-27.600000	-3.408852E-8
-27.700000	-3.648079E-8
-27.800000	-3.872589E-8
-27.900000	-4.216419E-8
-28.000000	-4.485243E-8
-28.100000	-4.711113E-8
-28.200000	-5.166984E-8
-28.300000	-5.457194E-8
-28.400000	-5.800097E-8
-28.500000	-6.128838E-8
-28.600000	-6.407660E-8
-28.700000	-6.933567E-8
-28.800000	-7.194306E-8
-28.900000	-7.738480E-8
-29.000000	-8.189516E-8
-29.100000	-8.653454E-8
-29.200000	-9.111746E-8
-29.300000	-9.650237E-8
-29.400000	-1.023187E-7
-29.500000	-1.074080E-7
-29.600000	-1.130760E-7
-29.700000	-1.221732E-7
-29.800000	-1.244659E-7
-29.900000	-1.351845E-7
-30.000000	-1.384447E-7
-30.100000	-1.519440E-7
-30.200000	-1.564622E-7
-30.300000	-1.642345E-7
-30.400000	-1.770622E-7
-30.500000	-1.835707E-7
-30.600000	-1.954712E-7
-30.700000	-2.043279E-7
-30.800000	-2.146980E-7
-30.900000	-2.255149E-7
-31.000000	-2.410976E-7
-31.100000	-2.520554E-7
-31.200000	-2.663077E-7
-31.300000	-2.804051E-7
-31.400000	-2.961191E-7
-31.500000	-3.053780E-7
-31.600000	-3.281281E-7
-31.700000	-3.428677E-7
-31.800000	-3.636359E-7
-31.900000	-3.815919E-7
-32.000000	-4.071833E-7
