1.000000	4.800992E-5
0.900000	3.869119E-5
0.800000	2.951673E-5
0.700000	2.058760E-5
0.600000	1.211315E-5
0.500000	4.749706E-6
0.400000	6.100687E-7
0.300000	3.182162E-8
0.200000	2.138364E-9
0.100000	1.311530E-10
0.000000	-2.846318E-11
-0.100000	-5.628796E-11
-0.200000	-6.746912E-11
-0.300000	-6.824540E-11
-0.400000	-8.441433E-11
-0.500000	-9.143351E-11
-0.600000	-9.822562E-11
-0.700000	-1.047246E-10
-0.800000	-1.101789E-10
-0.900000	-1.167233E-10
-1.000000	-1.225699E-10
-1.100000	-1.269961E-10
-1.200000	-1.329335E-10
-1.300000	-1.375042E-10
-1.400000	-1.427687E-10
-1.500000	-1.477068E-10
-1.600000	-1.529217E-10
-1.700000	-1.571415E-10
-1.800000	-1.618154E-10
-1.900000	-1.652961E-10
-2.000000	-1.706472E-10
-2.100000	-1.753418E-10
-2.200000	-1.710972E-10
-2.300000	-1.829886E-10
-2.400000	-1.862257E-10
-2.500000	-1.905859E-10
-2.600000	-1.938477E-10
-2.700000	-1.972541E-10
-2.800000	-2.014532E-10
-2.900000	-2.051775E-10
-3.000000	-2.085509E-10
-3.100000	-2.113132E-10
-3.200000	-2.156774E-10
-3.300000	-2.187081E-10
-3.400000	-2.214290E-10
-3.500000	-2.251244E-10
-3.600000	-2.286588E-10
-3.700000	-2.316358E-10
-3.800000	-2.349967E-10
-3.900000	-2.386798E-10
-4.000000	-2.419705E-10
-4.100000	-2.444561E-10
-4.200000	-2.475198E-10
-4.300000	-2.502037E-10
-4.400000	-2.544606E-10
-4.500000	-2.567026E-10
-4.600000	-2.593782E-10
-4.700000	-2.618721E-10
-4.800000	-2.640398E-10
-4.900000	-2.666203E-10
-5.000000	-2.687385E-10
-5.100000	-2.721655E-10
-5.200000	-2.744240E-10
-5.300000	-2.769014E-10
-5.400000	-2.801220E-10
-5.500000	-2.828057E-10
-5.600000	-2.857042E-10
-5.700000	-2.877935E-10
-5.800000	-2.904979E-10
-5.900000	-2.925748E-10
-6.000000	-2.954073E-10
-6.100000	-2.979259E-10
-6.200000	-3.003991E-10
-6.300000	-3.032522E-10
-6.400000	-3.046685E-10
-6.500000	-3.097884E-10
-6.600000	-3.091607E-10
-6.700000	-3.126291E-10
-6.800000	-3.146687E-10
-6.900000	-3.173773E-10
-7.000000	-3.203626E-10
-7.100000	-3.207259E-10
-7.200000	-3.249705E-10
-7.300000	-3.278070E-10
-7.400000	-3.301275E-10
-7.500000	-3.315809E-10
-7.600000	-3.346074E-10
-7.700000	-3.363540E-10
-7.800000	-3.394260E-10
-7.900000	-3.420436E-10
-8.000000	-3.445375E-10
-8.100000	-3.474526E-10
-8.200000	-3.498639E-10
-8.300000	-3.525807E-10
-8.400000	-3.549177E-10
-8.500000	-3.576097E-10
-8.600000	-3.596659E-10
-8.700000	-3.628907E-10
-8.800000	-3.657726E-10
-8.900000	-3.678289E-10
-9.000000	-3.709627E-10
-9.100000	-3.740759E-10
-9.200000	-3.756573E-10
-9.300000	-3.788614E-10
-9.400000	-3.805212E-10
-9.500000	-3.840969E-10
-9.600000	-3.867724E-10
-9.700000	-3.897081E-10
-9.800000	-3.922060E-10
-9.900000	-3.953895E-10
-10.000000	-3.979040E-10
-10.100000	-4.009883E-10
-10.200000	-4.048860E-10
-10.300000	-4.075286E-10
-10.400000	-4.113396E-10
-10.500000	-4.147748E-10
-10.600000	-4.174504E-10
-10.700000	-4.208526E-10
-10.800000	-4.240113E-10
-10.900000	-4.275829E-10
-11.000000	-4.313112E-10
-11.100000	-4.353905E-10
-11.200000	-4.391479E-10
-11.300000	-4.429961E-10
-11.400000	-4.475173E-10
-11.500000	-4.518733E-10
-11.600000	-4.558495E-10
-11.700000	-4.600775E-10
-11.800000	-4.638266E-10
-11.900000	-4.693677E-10
-12.000000	-4.734925E-10
-12.100000	-4.777742E-10
-12.200000	-4.834143E-10
-12.300000	-4.886002E-10
-12.400000	-4.931174E-10
-12.500000	-4.985345E-10
-12.600000	-5.043521E-10
-12.700000	-5.088776E-10
-12.800000	-5.141790E-10
-12.900000	-5.191625E-10
-13.000000	-5.242453E-10
-13.100000	-5.301207E-10
-13.200000	-5.346792E-10
-13.300000	-5.400179E-10
-13.400000	-5.450346E-10
-13.500000	-5.496671E-10
-13.600000	-5.546302E-10
-13.700000	-5.582472E-10
-13.800000	-5.631772E-10
-13.900000	-5.678841E-10
-14.000000	-5.724384E-10
-14.100000	-5.769265E-10
-14.200000	-5.810389E-10
-14.300000	-5.856180E-10
-14.400000	-5.893546E-10
-14.500000	-5.940698E-10
-14.600000	-5.979676E-10
-14.700000	-6.019397E-10
-14.800000	-6.053253E-10
-14.900000	-6.089754E-10
-15.000000	-6.136658E-10
-15.100000	-6.176213E-10
-15.200000	-6.209533E-10
-15.300000	-6.251443E-10
-15.400000	-6.286083E-10
-15.500000	-6.325722E-10
-15.600000	-6.367135E-10
-15.700000	-6.396905E-10
-15.800000	-6.439392E-10
-15.900000	-6.486461E-10
-16.000000	-6.520112E-10
-16.100000	-6.553433E-10
-16.200000	-6.599347E-10
-16.300000	-6.622428E-10
-16.400000	-6.668837E-10
-16.500000	-6.710580E-10
-16.600000	-6.733827E-10
-16.700000	-6.780153E-10
-16.800000	-6.826976E-10
-16.900000	-6.858811E-10
-17.000000	-6.907283E-10
-17.100000	-6.933008E-10
-17.200000	-6.972315E-10
-17.300000	-7.009845E-10
-17.400000	-7.051795E-10
-17.500000	-7.093704E-10
-17.600000	-7.128346E-10
-17.700000	-7.172319E-10
-17.800000	-7.220917E-10
-17.900000	-7.252914E-10
-18.000000	-7.296931E-10
-18.100000	-7.335248E-10
-18.200000	-7.378930E-10
-18.300000	-7.417745E-10
-18.400000	-7.461056E-10
-18.500000	-7.505278E-10
-18.600000	-7.552347E-10
-18.700000	-7.604826E-10
-18.800000	-7.638438E-10
-18.900000	-7.688479E-10
-19.000000	-7.729355E-10
-19.100000	-7.784476E-10
-19.200000	-7.832950E-10
-19.300000	-7.884808E-10
-19.400000	-7.932086E-10
-19.500000	-7.983407E-10
-19.600000	-8.033615E-10
-19.700000	-8.080808E-10
-19.800000	-8.135807E-10
-19.900000	-8.183372E-10
-20.000000	-8.239774E-10
-20.100000	-8.294729E-10
-20.200000	-8.348613E-10
-20.300000	-8.397252E-10
-20.400000	-8.456048E-10
-20.500000	-8.513895E-10
-20.600000	-8.578512E-10
-20.700000	-8.630288E-10
-20.800000	-8.698291E-10
-20.900000	-8.757873E-10
-21.000000	-8.818237E-10
-21.100000	-8.475289E-10
-21.200000	-8.820551E-10
-21.300000	-9.021963E-10
-21.400000	-9.196246E-10
-21.500000	-9.297033E-10
-21.600000	-9.474493E-10
-21.700000	-9.378333E-10
-21.800000	-9.493487E-10
-21.900000	-9.476561E-10
-22.000000	-9.492289E-10
-22.100000	-9.507278E-10
-22.200000	-9.473712E-10
-22.300000	-9.501704E-10
-22.400000	-9.587712E-10
-22.500000	-9.813438E-10
-22.600000	-9.999611E-10
-22.700000	-1.018512E-9
-22.800000	-1.014189E-9
-22.900000	-1.017245E-9
-23.000000	-1.021440E-9
-23.100000	-1.022101E-9
-23.200000	-1.038827E-9
-23.300000	-1.032687E-9
-23.400000	-1.042279E-9
-23.500000	-1.051387E-9
-23.600000	-1.055545E-9
-23.700000	-1.077214E-9
-23.800000	-1.096466E-9
-23.900000	-1.112772E-9
-24.000000	-1.130303E-9
-24.100000	-1.151076E-9
-24.200000	-1.165981E-9
-24.300000	-1.175193E-9
-24.400000	-1.195776E-9
-24.500000	-1.234695E-9
-24.600000	-1.599285E-9
-24.700000	-2.946413E-9
-24.800000	-4.741700E-9
-24.900000	-7.021062E-9
-25.000000	-1.052141E-8
-25.100000	-1.400723E-8
-25.200000	-1.898671E-8
-25.300000	-2.335146E-8
-25.400000	-2.985708E-8
-25.500000	-3.553491E-8
-25.600000	-4.156415E-8
-25.700000	-4.939950E-8
-25.800000	-5.674005E-8
-25.900000	-6.598439E-8
-26.000000	-7.382395E-8
-26.100000	-8.279541E-8
-26.200000	-9.398203E-8
-26.300000	-1.036190E-7
-26.400000	-1.155726E-7
-26.500000	-1.261296E-7
-26.600000	-1.371806E-7
-26.700000	-1.519629E-7
-26.800000	-1.643875E-7
-26.900000	-1.796000E-7
-27.000000	-1.943599E-7
-27.100000	-2.083192E-7
-27.200000	-2.263725E-7
-27.300000	-2.434502E-7
-27.400000	-2.620837E-7
-27.500000	-2.767997E-7
-27.600000	-2.977425E-7
-27.700000	-3.202176E-7
-27.800000	-3.392026E-7
-27.900000	-3.656245E-7
-28.000000	-3.884184E-7
-28.100000	-4.113733E-7
-28.200000	-4.350028E-7
-28.300000	-4.646027E-7
-28.400000	-4.905853E-7
-28.500000	-5.171683E-7
-28.600000	-5.542124E-7
-28.700000	-5.813108E-7
-28.800000	-6.112148E-7
-28.900000	-6.490457E-7
-29.000000	-6.832263E-7
-29.100000	-7.255894E-7
-29.200000	-7.603871E-7
-29.300000	-8.004675E-7
-29.400000	-8.488518E-7
-29.500000	-8.908045E-7
-29.600000	-9.396985E-7
-29.700000	-9.882283E-7
-29.800000	-1.016489E-6
-29.900000	-1.083359E-6
-30.000000	-1.127883E-6
-30.100000	-1.185355E-6
-30.200000	-1.243616E-6
-30.300000	-1.300571E-6
-30.400000	-1.379457E-6
-30.500000	-1.434864E-6
-30.600000	-1.512796E-6
-30.700000	-1.585947E-6
-30.800000	-1.653719E-6
-30.900000	-1.752248E-6
-31.000000	-1.825971E-6
-31.100000	-1.937032E-6
-31.200000	-2.025597E-6
-31.300000	-2.113168E-6
-31.400000	-2.234417E-6
-31.500000	-2.334179E-6
-31.600000	-2.450712E-6
-31.700000	-2.578137E-6
-31.800000	-2.721289E-6
-31.900000	-2.848537E-6
-32.000000	-2.988755E-6
