1.000000	4.529858E-5
0.900000	3.596458E-5
0.800000	2.677808E-5
0.700000	1.785831E-5
0.600000	9.471386E-6
0.500000	2.620758E-6
0.400000	1.191861E-7
0.300000	2.544329E-9
0.200000	5.218725E-11
0.100000	-3.915312E-11
0.000000	-4.531779E-11
-0.100000	-5.344786E-11
-0.200000	-5.526464E-11
-0.300000	-4.731623E-11
-0.400000	-5.588401E-11
-0.500000	-5.551652E-11
-0.600000	-5.552478E-11
-0.700000	-5.665614E-11
-0.800000	-5.638775E-11
-0.900000	-5.670981E-11
-1.000000	-5.729201E-11
-1.100000	-5.785768E-11
-1.200000	-5.849769E-11
-1.300000	-5.794026E-11
-1.400000	-5.851834E-11
-1.500000	-5.886518E-11
-1.600000	-5.840272E-11
-1.700000	-5.957949E-11
-1.800000	-5.929046E-11
-1.900000	-5.996350E-11
-2.000000	-6.016583E-11
-2.100000	-5.962904E-11
-2.200000	-5.220915E-11
-2.300000	-6.034336E-11
-2.400000	-6.156142E-11
-2.500000	-6.098336E-11
-2.600000	-6.226750E-11
-2.700000	-6.220557E-11
-2.800000	-6.239550E-11
-2.900000	-6.336583E-11
-3.000000	-6.254414E-11
-3.100000	-6.252349E-11
-3.200000	-6.265150E-11
-3.300000	-6.219318E-11
-3.400000	-6.345254E-11
-3.500000	-6.333693E-11
-3.600000	-6.441048E-11
-3.700000	-6.417512E-11
-3.800000	-6.425357E-11
-3.900000	-6.465409E-11
-4.000000	-6.463344E-11
-4.100000	-6.477796E-11
-4.200000	-6.481100E-11
-4.300000	-6.484403E-11
-4.400000	-6.550054E-11
-4.500000	-6.544687E-11
-4.600000	-6.643371E-11
-4.700000	-6.718932E-11
-4.800000	-6.693745E-11
-4.900000	-6.729255E-11
-5.000000	-6.670622E-11
-5.100000	-6.656170E-11
-5.200000	-6.650390E-11
-5.300000	-6.636352E-11
-5.400000	-6.605798E-11
-5.500000	-6.749075E-11
-5.600000	-6.802339E-11
-5.700000	-6.834958E-11
-5.800000	-6.866339E-11
-5.900000	-6.876249E-11
-6.000000	-6.891526E-11
-6.100000	-6.939836E-11
-6.200000	-6.951810E-11
-6.300000	-6.947681E-11
-6.400000	-6.956764E-11
-6.500000	-6.963784E-11
-6.600000	-6.928687E-11
-6.700000	-6.957591E-11
-6.800000	-7.026545E-11
-6.900000	-6.997231E-11
-7.000000	-7.050081E-11
-7.100000	-7.065358E-11
-7.200000	-7.142986E-11
-7.300000	-7.173953E-11
-7.400000	-7.216894E-11
-7.500000	-7.155785E-11
-7.600000	-7.178907E-11
-7.700000	-7.128532E-11
-7.800000	-7.164869E-11
-7.900000	-7.180145E-11
-8.000000	-7.270572E-11
-8.100000	-7.286675E-11
-8.200000	-7.223088E-11
-8.300000	-7.475785E-11
-8.400000	-7.637232E-11
-8.500000	-7.446883E-11
-8.600000	-7.445230E-11
-8.700000	-7.422521E-11
-8.800000	-7.527811E-11
-8.900000	-7.506753E-11
-9.000000	-7.488173E-11
-9.100000	-7.438210E-11
-9.200000	-7.436145E-11
-9.300000	-7.468353E-11
-9.400000	-7.519553E-11
-9.500000	-7.546392E-11
-9.600000	-7.531527E-11
-9.700000	-7.534005E-11
-9.800000	-7.552999E-11
-9.900000	-7.581488E-11
-10.000000	-7.675631E-11
-10.100000	-7.598831E-11
-10.200000	-7.725180E-11
-10.300000	-7.607089E-11
-10.400000	-7.702470E-11
-10.500000	-7.642185E-11
-10.600000	-7.637643E-11
-10.700000	-7.672327E-11
-10.800000	-7.638470E-11
-10.900000	-7.760276E-11
-11.000000	-7.629797E-11
-11.100000	-7.809411E-11
-11.200000	-7.747889E-11
-11.300000	-7.835012E-11
-11.400000	-7.865568E-11
-11.500000	-7.830470E-11
-11.600000	-8.067064E-11
-11.700000	-8.028251E-11
-11.800000	-8.052612E-11
-11.900000	-8.057566E-11
-12.000000	-8.129000E-11
-12.100000	-8.107941E-11
-12.200000	-8.125283E-11
-12.300000	-8.130652E-11
-12.400000	-8.159141E-11
-12.500000	-8.219012E-11
-12.600000	-8.306961E-11
-12.700000	-8.262781E-11
-12.800000	-8.371787E-11
-12.900000	-8.344536E-11
-13.000000	-8.387477E-11
-13.100000	-8.377155E-11
-13.200000	-8.439090E-11
-13.300000	-8.482032E-11
-13.400000	-8.486161E-11
-13.500000	-8.470471E-11
-13.600000	-8.590213E-11
-13.700000	-8.445698E-11
-13.800000	-8.720691E-11
-13.900000	-8.610446E-11
-14.000000	-8.728537E-11
-14.100000	-8.620355E-11
-14.200000	-8.969259E-11
-14.300000	-8.715322E-11
-14.400000	-8.811943E-11
-14.500000	-8.733079E-11
-14.600000	-8.903608E-11
-14.700000	-8.912278E-11
-14.800000	-9.040690E-11
-14.900000	-8.936639E-11
-15.000000	-8.981234E-11
-15.100000	-9.071659E-11
-15.200000	-9.061749E-11
-15.300000	-9.134419E-11
-15.400000	-9.227737E-11
-15.500000	-9.262420E-11
-15.600000	-9.262421E-11
-15.700000	-9.271092E-11
-15.800000	-9.401981E-11
-15.900000	-9.380925E-11
-16.000000	-9.430058E-11
-16.100000	-9.347065E-11
-16.200000	-9.480433E-11
-16.300000	-9.579944E-11
-16.400000	-9.525854E-11
-16.500000	-9.574163E-11
-16.600000	-9.612563E-11
-16.700000	-9.641466E-11
-16.800000	-9.716615E-11
-16.900000	-9.825621E-11
-17.000000	-9.864021E-11
-17.100000	-9.836771E-11
-17.200000	-9.927195E-11
-17.300000	-9.960643E-11
-17.400000	-1.001102E-10
-17.500000	-1.000358E-10
-17.600000	-1.017742E-10
-17.700000	-1.015883E-10
-17.800000	-1.019889E-10
-17.900000	-1.030418E-10
-18.000000	-1.033556E-10
-18.100000	-1.043878E-10
-18.200000	-1.045943E-10
-18.300000	-1.052591E-10
-18.400000	-1.062005E-10
-18.500000	-1.067744E-10
-18.600000	-1.072740E-10
-18.700000	-1.078397E-10
-18.800000	-1.091115E-10
-18.900000	-1.100322E-10
-19.000000	-1.103047E-10
-19.100000	-1.102841E-10
-19.200000	-1.113742E-10
-19.300000	-1.123032E-10
-19.400000	-1.126707E-10
-19.500000	-1.138268E-10
-19.600000	-1.144957E-10
-19.700000	-1.148013E-10
-19.800000	-1.154495E-10
-19.900000	-1.167956E-10
-20.000000	-1.169855E-10
-20.100000	-1.179063E-10
-20.200000	-1.183564E-10
-20.300000	-1.201360E-10
-20.400000	-1.200327E-10
-20.500000	-1.210857E-10
-20.600000	-1.211228E-10
-20.700000	-1.224317E-10
-20.800000	-1.240173E-10
-20.900000	-1.243063E-10
-21.000000	-1.258877E-10
-21.100000	-9.836770E-11
-21.200000	-1.168163E-10
-21.300000	-1.039873E-10
-21.400000	-1.057752E-10
-21.500000	-1.071378E-10
-21.600000	-1.053623E-10
-21.700000	-1.256318E-10
-21.800000	-1.309665E-10
-21.900000	-1.315776E-10
-22.000000	-1.472307E-10
-22.100000	-1.477634E-10
-22.200000	-1.646801E-10
-22.300000	-1.739168E-10
-22.400000	-1.746559E-10
-22.500000	-1.684458E-10
-22.600000	-1.596427E-10
-22.700000	-1.565665E-10
-22.800000	-1.448111E-10
-22.900000	-1.273783E-10
-23.000000	-1.243600E-10
-23.100000	-1.247936E-10
-23.200000	-1.217711E-10
-23.300000	-1.311316E-10
-23.400000	-1.365076E-10
-23.500000	-1.407110E-10
-23.600000	-1.502821E-10
-23.700000	-1.620045E-10
-23.800000	-1.698992E-10
-23.900000	-1.811674E-10
-24.000000	-1.915642E-10
-24.100000	-2.461997E-10
-24.200000	-9.530337E-10
-24.300000	-2.871328E-9
-24.400000	-6.016224E-9
-24.500000	-1.121443E-8
-24.600000	-1.706567E-8
-24.700000	-2.595534E-8
-24.800000	-3.429741E-8
-24.900000	-4.405768E-8
-25.000000	-5.743324E-8
-25.100000	-7.025713E-8
-25.200000	-8.714206E-8
-25.300000	-1.033425E-7
-25.400000	-1.232753E-7
-25.500000	-1.417251E-7
-25.600000	-1.618805E-7
-25.700000	-1.873048E-7
-25.800000	-2.100034E-7
-25.900000	-2.402024E-7
-26.000000	-2.671779E-7
-26.100000	-2.951355E-7
-26.200000	-3.308690E-7
-26.300000	-3.610911E-7
-26.400000	-4.011406E-7
-26.500000	-4.380917E-7
-26.600000	-4.744101E-7
-26.700000	-5.215275E-7
-26.800000	-5.641919E-7
-26.900000	-6.178730E-7
-27.000000	-6.665333E-7
-27.100000	-7.133515E-7
-27.200000	-7.714534E-7
-27.300000	-8.286669E-7
-27.400000	-8.956113E-7
-27.500000	-9.545641E-7
-27.600000	-1.019036E-6
-27.700000	-1.076223E-6
-27.800000	-1.145612E-6
-27.900000	-1.227376E-6
-28.000000	-1.306727E-6
-28.100000	-1.379001E-6
-28.200000	-1.482686E-6
-28.300000	-1.562266E-6
-28.400000	-1.671940E-6
-28.500000	-1.764107E-6
-28.600000	-1.882493E-6
-28.700000	-1.987182E-6
-28.800000	-2.095123E-6
-28.900000	-2.232198E-6
-29.000000	-2.354877E-6
-29.100000	-2.496383E-6
-29.200000	-2.634892E-6
-29.300000	-2.762790E-6
-29.400000	-2.943573E-6
-29.500000	-3.094508E-6
-29.600000	-3.278565E-6
-29.700000	-3.445041E-6
-29.800000	-3.624803E-6
-29.900000	-3.841070E-6
-30.000000	-4.034655E-6
-30.100000	-4.269253E-6
-30.200000	-4.494815E-6
-30.300000	-4.706347E-6
-30.400000	-4.998490E-6
-30.500000	-5.244755E-6
-30.600000	-5.549141E-6
-30.700000	-5.812732E-6
-30.800000	-6.101371E-6
-30.900000	-6.469528E-6
-31.000000	-6.769846E-6
-31.100000	-7.169636E-6
-31.200000	-7.530045E-6
-31.300000	-7.887815E-6
-31.400000	-8.352331E-6
-31.500000	-8.767192E-6
-31.600000	-9.264651E-6
-31.700000	-9.785625E-6
-31.800000	-1.038779E-5
-31.900000	-1.076250E-5
-32.000000	-1.128415E-5
