1.000000	4.300479E-5
0.900000	3.368593E-5
0.800000	2.452882E-5
0.700000	1.567501E-5
0.600000	7.477440E-6
0.500000	1.404440E-6
0.400000	3.611742E-8
0.300000	7.571192E-10
0.200000	-9.177938E-12
0.100000	-4.160988E-11
0.000000	-4.282381E-11
-0.100000	-5.206870E-11
-0.200000	-5.305554E-11
-0.300000	-4.490484E-11
-0.400000	-5.261788E-11
-0.500000	-5.270872E-11
-0.600000	-5.340239E-11
-0.700000	-5.353040E-11
-0.800000	-5.403827E-11
-0.900000	-5.291930E-11
-1.000000	-5.429014E-11
-1.100000	-5.393090E-11
-1.200000	-5.424058E-11
-1.300000	-5.492600E-11
-1.400000	-5.506640E-11
-1.500000	-5.482691E-11
-1.600000	-5.415801E-11
-1.700000	-5.522743E-11
-1.800000	-5.442227E-11
-1.900000	-5.472781E-11
-2.000000	-5.471956E-11
-2.100000	-5.527698E-11
-2.200000	-4.707258E-11
-2.300000	-5.521504E-11
-2.400000	-5.576006E-11
-2.500000	-5.618949E-11
-2.600000	-5.652807E-11
-2.700000	-5.630924E-11
-2.800000	-5.635465E-11
-2.900000	-5.578897E-11
-3.000000	-5.625556E-11
-3.100000	-5.581787E-11
-3.200000	-5.546278E-11
-3.300000	-5.593349E-11
-3.400000	-5.612755E-11
-3.500000	-5.619362E-11
-3.600000	-5.660653E-11
-3.700000	-5.730020E-11
-3.800000	-5.739104E-11
-3.900000	-5.744884E-11
-4.000000	-5.741994E-11
-4.100000	-5.782872E-11
-4.200000	-5.767594E-11
-4.300000	-5.692445E-11
-4.400000	-5.756446E-11
-4.500000	-5.696574E-11
-4.600000	-5.660653E-11
-4.700000	-5.645788E-11
-4.800000	-5.742407E-11
-4.900000	-5.728368E-11
-5.000000	-5.720524E-11
-5.100000	-5.734975E-11
-5.200000	-5.778330E-11
-5.300000	-5.855542E-11
-5.400000	-5.769658E-11
-5.500000	-5.820445E-11
-5.600000	-5.700291E-11
-5.700000	-5.744058E-11
-5.800000	-5.732084E-11
-5.900000	-5.771723E-11
-6.000000	-5.803517E-11
-6.100000	-5.863387E-11
-6.200000	-5.916239E-11
-6.300000	-5.886097E-11
-6.400000	-5.896007E-11
-6.500000	-5.889401E-11
-6.600000	-5.924910E-11
-6.700000	-5.884859E-11
-6.800000	-5.856781E-11
-6.900000	-5.833245E-11
-7.000000	-5.895594E-11
-7.100000	-5.999646E-11
-7.200000	-5.909220E-11
-7.300000	-5.907568E-11
-7.400000	-5.965375E-11
-7.500000	-5.954226E-11
-7.600000	-5.922845E-11
-7.700000	-5.968678E-11
-7.800000	-5.934819E-11
-7.900000	-5.976936E-11
-8.000000	-5.936885E-11
-8.100000	-5.911284E-11
-8.200000	-5.917890E-11
-8.300000	-5.926974E-11
-8.400000	-5.963310E-11
-8.500000	-5.906329E-11
-8.600000	-5.944730E-11
-8.700000	-5.995516E-11
-8.800000	-5.989324E-11
-8.900000	-5.970330E-11
-9.000000	-6.002122E-11
-9.100000	-6.121040E-11
-9.200000	-5.993452E-11
-9.300000	-6.093375E-11
-9.400000	-6.057040E-11
-9.500000	-6.104937E-11
-9.600000	-6.125168E-11
-9.700000	-6.085116E-11
-9.800000	-6.120626E-11
-9.900000	-6.132601E-11
-10.000000	-6.121039E-11
-10.100000	-6.060755E-11
-10.200000	-5.998407E-11
-10.300000	-6.045065E-11
-10.400000	-6.085529E-11
-10.500000	-6.093374E-11
-10.600000	-6.100394E-11
-10.700000	-6.059930E-11
-10.800000	-6.125168E-11
-10.900000	-6.158613E-11
-11.000000	-6.228394E-11
-11.100000	-6.141684E-11
-11.200000	-6.213941E-11
-11.300000	-6.247800E-11
-11.400000	-6.158200E-11
-11.500000	-6.216419E-11
-11.600000	-6.180497E-11
-11.700000	-6.245322E-11
-11.800000	-6.197014E-11
-11.900000	-6.219310E-11
-12.000000	-6.244910E-11
-12.100000	-6.213942E-11
-12.200000	-6.249451E-11
-12.300000	-6.287026E-11
-12.400000	-6.282897E-11
-12.500000	-6.297761E-11
-12.600000	-6.312626E-11
-12.700000	-6.326665E-11
-12.800000	-6.282071E-11
-12.900000	-6.326251E-11
-13.000000	-6.358872E-11
-13.100000	-6.390252E-11
-13.200000	-6.470356E-11
-13.300000	-6.475310E-11
-13.400000	-6.451362E-11
-13.500000	-6.550871E-11
-13.600000	-6.553349E-11
-13.700000	-6.633451E-11
-13.800000	-6.643361E-11
-13.900000	-6.604962E-11
-14.000000	-6.622303E-11
-14.100000	-6.526097E-11
-14.200000	-6.568213E-11
-14.300000	-6.655748E-11
-14.400000	-6.603310E-11
-14.500000	-6.600007E-11
-14.600000	-6.603309E-11
-14.700000	-6.585143E-11
-14.800000	-6.623131E-11
-14.900000	-6.646252E-11
-15.000000	-6.606614E-11
-15.100000	-6.640470E-11
-15.200000	-6.703645E-11
-15.300000	-6.639232E-11
-15.400000	-6.684239E-11
-15.500000	-6.767646E-11
-15.600000	-6.759800E-11
-15.700000	-6.880781E-11
-15.800000	-6.805220E-11
-15.900000	-6.814303E-11
-16.000000	-6.818432E-11
-16.100000	-6.893994E-11
-16.200000	-6.859310E-11
-16.300000	-6.915464E-11
-16.400000	-6.939825E-11
-16.500000	-7.013735E-11
-16.600000	-6.971207E-11
-16.700000	-6.995155E-11
-16.800000	-7.068651E-11
-16.900000	-7.035619E-11
-17.000000	-7.085993E-11
-17.100000	-7.171051E-11
-17.200000	-7.203258E-11
-17.300000	-7.192522E-11
-17.400000	-7.238767E-11
-17.500000	-7.183852E-11
-17.600000	-7.209865E-11
-17.700000	-7.243722E-11
-17.800000	-7.338691E-11
-17.900000	-7.374199E-11
-18.000000	-7.410535E-11
-18.100000	-7.400212E-11
-18.200000	-7.481554E-11
-18.300000	-7.446871E-11
-18.400000	-7.459257E-11
-18.500000	-7.511696E-11
-18.600000	-7.542252E-11
-18.700000	-7.645477E-11
-18.800000	-7.589734E-11
-18.900000	-7.740857E-11
-19.000000	-7.725579E-11
-19.100000	-7.661167E-11
-19.200000	-7.775954E-11
-19.300000	-7.738379E-11
-19.400000	-7.889089E-11
-19.500000	-7.916755E-11
-19.600000	-7.884136E-11
-19.700000	-7.901476E-11
-19.800000	-7.910974E-11
-19.900000	-7.927490E-11
-20.000000	-8.000575E-11
-20.100000	-7.944419E-11
-20.200000	-8.042689E-11
-20.300000	-8.058793E-11
-20.400000	-8.184314E-11
-20.500000	-8.140134E-11
-20.600000	-8.109992E-11
-20.700000	-8.219826E-11
-20.800000	-8.312728E-11
-20.900000	-8.402741E-11
-21.000000	-8.358561E-11
-21.100000	-7.186742E-11
-21.200000	-9.169504E-11
-21.300000	-1.029921E-10
-21.400000	-1.040780E-10
-21.500000	-1.142726E-10
-21.600000	-1.152388E-10
-21.700000	-1.042101E-10
-21.800000	-9.539466E-11
-21.900000	-9.255387E-11
-22.000000	-9.500239E-11
-22.100000	-9.617918E-11
-22.200000	-9.050175E-11
-22.300000	-8.167798E-11
-22.400000	-8.937039E-11
-22.500000	-9.905297E-11
-22.600000	-9.125736E-11
-22.700000	-8.529503E-11
-22.800000	-7.213168E-11
-22.900000	-7.207799E-11
-23.000000	-5.938122E-11
-23.100000	-6.334922E-11
-23.200000	-6.808109E-11
-23.300000	-7.363875E-11
-23.400000	-7.501375E-11
-23.500000	-8.429167E-11
-23.600000	-9.768626E-11
-23.700000	-1.024140E-10
-23.800000	-1.120801E-10
-23.900000	-1.315815E-10
-24.000000	-4.495088E-10
-24.100000	-1.271277E-9
-24.200000	-2.903463E-9
-24.300000	-4.804090E-9
-24.400000	-7.193776E-9
-24.500000	-1.086741E-8
-24.600000	-1.434025E-8
-24.700000	-1.932810E-8
-24.800000	-2.417871E-8
-24.900000	-2.941364E-8
-25.000000	-3.633397E-8
-25.100000	-4.278225E-8
-25.200000	-5.166687E-8
-25.300000	-5.888476E-8
-25.400000	-6.898648E-8
-25.500000	-7.885404E-8
-25.600000	-8.813431E-8
-25.700000	-1.014440E-7
-25.800000	-1.121709E-7
-25.900000	-1.271805E-7
-26.000000	-1.390410E-7
-26.100000	-1.551701E-7
-26.200000	-1.722244E-7
-26.300000	-1.861865E-7
-26.400000	-2.065118E-7
-26.500000	-2.235362E-7
-26.600000	-2.401766E-7
-26.700000	-2.650967E-7
-26.800000	-2.847677E-7
-26.900000	-3.111507E-7
-27.000000	-3.346911E-7
-27.100000	-3.592192E-7
-27.200000	-3.886782E-7
-27.300000	-4.161221E-7
-27.400000	-4.467728E-7
-27.500000	-4.802685E-7
-27.600000	-5.093958E-7
-27.700000	-5.492533E-7
-27.800000	-5.834797E-7
-27.900000	-6.276459E-7
-28.000000	-6.677726E-7
-28.100000	-7.049217E-7
-28.200000	-7.564199E-7
-28.300000	-8.012359E-7
-28.400000	-8.591645E-7
-28.500000	-9.090767E-7
-28.600000	-9.660304E-7
-28.700000	-1.023779E-6
-28.800000	-1.062415E-6
-28.900000	-1.133749E-6
-29.000000	-1.191530E-6
-29.100000	-1.273050E-6
-29.200000	-1.348426E-6
-29.300000	-1.421074E-6
-29.400000	-1.504975E-6
-29.500000	-1.584993E-6
-29.600000	-1.694213E-6
-29.700000	-1.774177E-6
-29.800000	-1.866808E-6
-29.900000	-1.976551E-6
-30.000000	-2.084416E-6
-30.100000	-2.220095E-6
-30.200000	-2.331185E-6
-30.300000	-2.461083E-6
-30.400000	-2.602990E-6
-30.500000	-2.739480E-6
-30.600000	-2.906981E-6
-30.700000	-3.054502E-6
-30.800000	-3.222720E-6
-30.900000	-3.403463E-6
-31.000000	-3.573357E-6
-31.100000	-3.793746E-6
-31.200000	-3.990193E-6
-31.300000	-4.189361E-6
-31.400000	-4.455422E-6
-31.500000	-4.684688E-6
-31.600000	-5.017378E-6
-31.700000	-5.279871E-6
-31.800000	-5.636500E-6
-31.900000	-5.930253E-6
-32.000000	-6.260228E-6
