1.000000	4.760038E-5
0.900000	3.825281E-5
0.800000	2.904063E-5
0.700000	2.006593E-5
0.600000	1.153226E-5
0.500000	4.148622E-6
0.400000	3.499291E-7
0.300000	8.362582E-9
0.200000	2.403345E-10
0.100000	-2.704284E-11
0.000000	-3.571778E-11
-0.100000	-5.206474E-11
-0.200000	-5.658608E-11
-0.300000	-4.691168E-11
-0.400000	-5.883231E-11
-0.500000	-6.038896E-11
-0.600000	-6.150794E-11
-0.700000	-6.243285E-11
-0.800000	-6.320910E-11
-0.900000	-6.462952E-11
-1.000000	-6.556682E-11
-1.100000	-6.655366E-11
-1.200000	-6.758180E-11
-1.300000	-6.811444E-11
-1.400000	-6.933665E-11
-1.500000	-7.005098E-11
-1.600000	-7.081898E-11
-1.700000	-7.147137E-11
-1.800000	-7.192144E-11
-1.900000	-7.214028E-11
-2.000000	-7.277616E-11
-2.100000	-7.423372E-11
-2.200000	-6.576087E-11
-2.300000	-7.496456E-11
-2.400000	-7.656251E-11
-2.500000	-7.710753E-11
-2.600000	-7.773928E-11
-2.700000	-7.814394E-11
-2.800000	-7.825956E-11
-2.900000	-7.852382E-11
-3.000000	-7.893673E-11
-3.100000	-7.975015E-11
-3.200000	-8.031170E-11
-3.300000	-8.194269E-11
-3.400000	-8.228952E-11
-3.500000	-8.252075E-11
-3.600000	-8.272722E-11
-3.700000	-8.296670E-11
-3.800000	-8.278915E-11
-3.900000	-8.395767E-11
-4.000000	-8.328876E-11
-4.100000	-8.567123E-11
-4.200000	-8.549780E-11
-4.300000	-8.591897E-11
-4.400000	-8.636490E-11
-4.500000	-8.672413E-11
-4.600000	-8.742609E-11
-4.700000	-8.741782E-11
-4.800000	-8.811564E-11
-4.900000	-8.910662E-11
-5.000000	-8.946172E-11
-5.100000	-9.096469E-11
-5.200000	-8.944520E-11
-5.300000	-9.068392E-11
-5.400000	-9.029166E-11
-5.500000	-9.142713E-11
-5.600000	-9.279386E-11
-5.700000	-9.268650E-11
-5.800000	-9.345451E-11
-5.900000	-9.330587E-11
-6.000000	-9.383025E-11
-6.100000	-9.335541E-11
-6.200000	-9.349994E-11
-6.300000	-9.430098E-11
-6.400000	-9.571310E-11
-6.500000	-9.582046E-11
-6.600000	-9.570897E-11
-6.700000	-9.639855E-11
-6.800000	-9.642329E-11
-6.900000	-9.698487E-11
-7.000000	-9.663800E-11
-7.100000	-9.780241E-11
-7.200000	-9.808732E-11
-7.300000	-9.835156E-11
-7.400000	-9.885119E-11
-7.500000	-9.954487E-11
-7.600000	-9.940448E-11
-7.700000	-9.997429E-11
-7.800000	-1.007753E-10
-7.900000	-1.009900E-10
-8.000000	-1.017622E-10
-8.100000	-1.020430E-10
-8.200000	-1.018200E-10
-8.300000	-1.019769E-10
-8.400000	-1.015021E-10
-8.500000	-1.030092E-10
-8.600000	-1.036492E-10
-8.700000	-1.035501E-10
-8.800000	-1.041818E-10
-8.900000	-1.039299E-10
-9.000000	-1.037276E-10
-9.100000	-1.041818E-10
-9.200000	-1.044378E-10
-9.300000	-1.060564E-10
-9.400000	-1.060812E-10
-9.500000	-1.067955E-10
-9.600000	-1.075264E-10
-9.700000	-1.068492E-10
-9.800000	-1.074892E-10
-9.900000	-1.079805E-10
-10.000000	-1.087609E-10
-10.100000	-1.100699E-10
-10.200000	-1.097643E-10
-10.300000	-1.104415E-10
-10.400000	-1.104704E-10
-10.500000	-1.103341E-10
-10.600000	-1.108709E-10
-10.700000	-1.121881E-10
-10.800000	-1.131089E-10
-10.900000	-1.135053E-10
-11.000000	-1.139553E-10
-11.100000	-1.142443E-10
-11.200000	-1.148802E-10
-11.300000	-1.157308E-10
-11.400000	-1.165359E-10
-11.500000	-1.170315E-10
-11.600000	-1.180431E-10
-11.700000	-1.190588E-10
-11.800000	-1.198516E-10
-11.900000	-1.202480E-10
-12.000000	-1.199713E-10
-12.100000	-1.205370E-10
-12.200000	-1.218913E-10
-12.300000	-1.220070E-10
-12.400000	-1.235926E-10
-12.500000	-1.248436E-10
-12.600000	-1.259337E-10
-12.700000	-1.260494E-10
-12.800000	-1.266687E-10
-12.900000	-1.274863E-10
-13.000000	-1.272798E-10
-13.100000	-1.286300E-10
-13.200000	-1.284607E-10
-13.300000	-1.290181E-10
-13.400000	-1.301825E-10
-13.500000	-1.304385E-10
-13.600000	-1.318176E-10
-13.700000	-1.329985E-10
-13.800000	-1.334197E-10
-13.900000	-1.346502E-10
-14.000000	-1.344809E-10
-14.100000	-1.353563E-10
-14.200000	-1.350590E-10
-14.300000	-1.363472E-10
-14.400000	-1.376686E-10
-14.500000	-1.379452E-10
-14.600000	-1.392789E-10
-14.700000	-1.390476E-10
-14.800000	-1.404185E-10
-14.900000	-1.411741E-10
-15.000000	-1.410709E-10
-15.100000	-1.423592E-10
-15.200000	-1.424541E-10
-15.300000	-1.437424E-10
-15.400000	-1.449522E-10
-15.500000	-1.463684E-10
-15.600000	-1.470993E-10
-15.700000	-1.475782E-10
-15.800000	-1.483008E-10
-15.900000	-1.486972E-10
-16.000000	-1.501383E-10
-16.100000	-1.506709E-10
-16.200000	-1.507163E-10
-16.300000	-1.518229E-10
-16.400000	-1.533218E-10
-16.500000	-1.546472E-10
-16.600000	-1.551757E-10
-16.700000	-1.557580E-10
-16.800000	-1.569471E-10
-16.900000	-1.571618E-10
-17.000000	-1.583055E-10
-17.100000	-1.586483E-10
-17.200000	-1.600728E-10
-17.300000	-1.620135E-10
-17.400000	-1.623314E-10
-17.500000	-1.635784E-10
-17.600000	-1.650235E-10
-17.700000	-1.657916E-10
-17.800000	-1.667701E-10
-17.900000	-1.679965E-10
-18.000000	-1.691774E-10
-18.100000	-1.725508E-10
-18.200000	-1.720760E-10
-18.300000	-1.727325E-10
-18.400000	-1.742024E-10
-18.500000	-1.768409E-10
-18.600000	-1.764363E-10
-18.700000	-1.800698E-10
-18.800000	-1.757261E-10
-18.900000	-1.840792E-10
-19.000000	-1.817792E-10
-19.100000	-1.832864E-10
-19.200000	-1.852477E-10
-19.300000	-1.885262E-10
-19.400000	-1.867755E-10
-19.500000	-1.909664E-10
-19.600000	-1.899094E-10
-19.700000	-1.912060E-10
-19.800000	-1.954176E-10
-19.900000	-1.963301E-10
-20.000000	-1.973169E-10
-20.100000	-1.971642E-10
-20.200000	-2.002692E-10
-20.300000	-2.048235E-10
-20.400000	-2.027590E-10
-20.500000	-2.023627E-10
-20.600000	-2.074207E-10
-20.700000	-2.090889E-10
-20.800000	-2.114425E-10
-20.900000	-2.181934E-10
-21.000000	-2.135524E-10
-21.100000	-1.815439E-10
-21.200000	-2.193827E-10
-21.300000	-2.317245E-10
-21.400000	-2.501029E-10
-21.500000	-2.502185E-10
-21.600000	-2.633903E-10
-21.700000	-2.525143E-10
-21.800000	-2.393013E-10
-21.900000	-2.487196E-10
-22.000000	-2.398463E-10
-22.100000	-2.334422E-10
-22.200000	-2.465023E-10
-22.300000	-2.391527E-10
-22.400000	-2.281322E-10
-22.500000	-2.210178E-10
-22.600000	-2.176319E-10
-22.700000	-2.341730E-10
-22.800000	-2.598433E-10
-22.900000	-2.853651E-10
-23.000000	-3.010514E-10
-23.100000	-3.061219E-10
-23.200000	-3.019267E-10
-23.300000	-2.905305E-10
-23.400000	-2.677877E-10
-23.500000	-2.652854E-10
-23.600000	-2.723214E-10
-23.700000	-2.979340E-10
-23.800000	-3.193721E-10
-23.900000	-3.424080E-10
-24.000000	-3.526771E-10
-24.100000	-3.379116E-10
-24.200000	-3.196900E-10
-24.300000	-4.101248E-10
-24.400000	-1.466516E-9
-24.500000	-6.649994E-9
-24.600000	-1.420577E-8
-24.700000	-2.689988E-8
-24.800000	-4.085437E-8
-24.900000	-5.746511E-8
-25.000000	-8.170058E-8
-25.100000	-1.048544E-7
-25.200000	-1.366954E-7
-25.300000	-1.656540E-7
-25.400000	-2.055839E-7
-25.500000	-2.419932E-7
-25.600000	-2.815615E-7
-25.700000	-3.304827E-7
-25.800000	-3.765772E-7
-25.900000	-4.378174E-7
-26.000000	-4.911993E-7
-26.100000	-5.447006E-7
-26.200000	-6.183218E-7
-26.300000	-6.822935E-7
-26.400000	-7.622326E-7
-26.500000	-8.324245E-7
-26.600000	-9.102304E-7
-26.700000	-1.005502E-6
-26.800000	-1.066174E-6
-26.900000	-1.167623E-6
-27.000000	-1.257674E-6
-27.100000	-1.347668E-6
-27.200000	-1.467192E-6
-27.300000	-1.573874E-6
-27.400000	-1.702775E-6
-27.500000	-1.813762E-6
-27.600000	-1.936066E-6
-27.700000	-2.090675E-6
-27.800000	-2.219636E-6
-27.900000	-2.378458E-6
-28.000000	-2.528691E-6
-28.100000	-2.678277E-6
-28.200000	-2.870454E-6
-28.300000	-3.027536E-6
-28.400000	-3.236491E-6
-28.500000	-3.408074E-6
-28.600000	-3.637406E-6
-28.700000	-3.824865E-6
-28.800000	-4.033989E-6
-28.900000	-4.292847E-6
-29.000000	-4.515338E-6
-29.100000	-4.788762E-6
-29.200000	-5.028970E-6
-29.300000	-5.293043E-6
-29.400000	-5.617705E-6
-29.500000	-5.897103E-6
-29.600000	-6.235950E-6
-29.700000	-6.550456E-6
-29.800000	-6.880058E-6
-29.900000	-7.257698E-6
-30.000000	-7.607330E-6
-30.100000	-8.071062E-6
-30.200000	-8.429161E-6
-30.300000	-8.855461E-6
-30.400000	-9.341147E-6
-30.500000	-9.782335E-6
-30.600000	-1.026441E-5
-30.700000	-1.070041E-5
-30.800000	-1.121004E-5
-30.900000	-1.182899E-5
-31.000000	-1.236774E-5
-31.100000	-1.304032E-5
-31.200000	-1.366919E-5
-31.300000	-1.428108E-5
-31.400000	-1.505477E-5
-31.500000	-1.574412E-5
-31.600000	-1.663079E-5
-31.700000	-1.739293E-5
-31.800000	-1.836863E-5
-31.900000	-1.918665E-5
-32.000000	-2.003991E-5
